metadata:
  alignments_dir: /Users/lawrencegranda/Documents/laptop/academics/college/projects/cs4775-final-project/data/alignments
  num_alignments: 368
parameters:
  log_emissions:
    match:
      A:
        A: -0.183935
        C: -3.234975
        G: -2.642207
        U: -2.856932
      C:
        A: -3.122173
        C: -0.186134
        G: -3.577591
        U: -2.324491
      G:
        A: -2.442605
        C: -3.522928
        G: -0.172377
        U: -3.172681
      U:
        A: -2.821062
        C: -2.653113
        G: -3.210448
        U: -0.186707
    insert_x:
      A: -1.105526
      C: -1.681796
      G: -1.731311
      U: -1.184589
    insert_y:
      A: -1.198761
      C: -1.518412
      G: -1.54127
      U: -1.32703
  log_transitions:
    matrix:
      M:
        M: -0.019266
        X: -4.542618
        Y: -4.77521
      X:
        M: -1.4529
        X: -0.266431
        Y: -.inf
      Y:
        M: -1.304816
        X: -.inf
        Y: -0.316387
  gaps:
    delta: 0.019082
    epsilon: 0.747443
    epsilon_x: 0.766109
    epsilon_y: 0.728778
