metadata:
  alignments_dir: /Users/lawrencegranda/Documents/laptop/academics/college/projects/cs4775-final-project/data/alignments
  num_alignments: 210
parameters:
  log_emissions:
    match:
      A:
        A: -0.217661
        C: -3.04245
        G: -2.492069
        U: -2.731136
      C:
        A: -2.889045
        C: -0.222397
        G: -3.464189
        U: -2.185023
      G:
        A: -2.316407
        C: -3.372102
        G: -0.199887
        U: -3.031724
      U:
        A: -2.622029
        C: -2.473688
        G: -3.052722
        U: -0.228356
    insert_x:
      A: -1.132906
      C: -1.666692
      G: -1.770858
      U: -1.143046
    insert_y:
      A: -1.252025
      C: -1.496478
      G: -1.470447
      U: -1.345787
  log_transitions:
    matrix:
      M:
        M: -0.023662
        X: -4.315545
        Y: -4.60265
      X:
        M: -1.447024
        X: -0.268232
        Y: -.inf
      Y:
        M: -1.460791
        X: -.inf
        Y: -0.264034
  gaps:
    delta: 0.023385
    epsilon: 0.766339
    epsilon_x: 0.764731
    epsilon_y: 0.767947
