metadata:
  alignments_dir: /Users/lawrencegranda/Documents/laptop/academics/college/projects/cs4775-final-project/data/alignments
  num_alignments: 547
parameters:
  log_emissions:
    match:
      A:
        A: -0.192209
        C: -3.221408
        G: -2.624518
        U: -2.77272
      C:
        A: -3.031993
        C: -0.198779
        G: -3.469358
        U: -2.293498
      G:
        A: -2.437447
        C: -3.47988
        G: -0.179784
        U: -3.071432
      U:
        A: -2.782414
        C: -2.625979
        G: -3.185044
        U: -0.193141
    insert_x:
      A: -1.167258
      C: -1.68737
      G: -1.670029
      U: -1.153489
    insert_y:
      A: -1.226251
      C: -1.619325
      G: -1.459549
      U: -1.286499
  log_transitions:
    matrix:
      M:
        M: -0.020923
        X: -4.490709
        Y: -4.657164
      X:
        M: -1.521263
        X: -0.246458
        Y: -.inf
      Y:
        M: -1.284898
        X: -.inf
        Y: -0.323902
  gaps:
    delta: 0.020706
    epsilon: 0.752443
    epsilon_x: 0.781564
    epsilon_y: 0.723321
